135Te
  number of levels:                               55
  number of gamma-rays:                           91
  number of levels in a complete level scheme:    13
  number of levels with assigned spin and parity: 1
  neutron separation energy:                      3.340000 [MeV]
  proton separation energy:                       10.950001 [MeV]

------------------------------------------------------------------------------------------
 NL   EL[MeV]    S/P  F    T1/2[s] Ng s unc             s-info  nd m       p      mode
                                         Nf    Eg[MeV]     Pg        Pe         Icc
------------------------------------------------------------------------------------------
  1   0.000000   3.5 -1   1.90E+01  0 u                  (7/2-)  1 =    100.0000 %B-    
  2   0.658650   1.5 -1             1 u                  (3/2-)  0
                                          1      0.659  9.962E-01  1.000E+00  3.789E-03
  3   1.083300   0.5 -1             1 u                  (1/2-)  0
                                          2      0.425  9.860E-01  1.000E+00  1.416E-02
  4   1.127060   2.5 -1             2 u                  (5/2-)  0
                                          2      0.469  1.281E-02  1.296E-02  1.111E-02
                                          1      1.127  9.857E-01  9.870E-01  1.376E-03
  5   1.179880   5.5 -1   3.00E-10  1 u                 (11/2-)  0
                                          1      1.180  9.990E-01  1.000E+00  9.848E-04
  6   1.246180   4.5 -1             1 u                  (9/2-)  0
                                          1      1.246  9.989E-01  1.000E+00  1.100E-03
  7   1.380140   3.5 -1             2 c              (7/2-,9/2)  0
                                          5      0.200  2.334E-02  2.684E-02  1.504E-01
                                          1      1.380  9.723E-01  9.732E-01  8.794E-04
  8   1.400000   2.5  1             1 g                          0
                                          1      1.400  0.000E+00  0.000E+00  3.245E-04
  9   1.442220   2.5 -1             3 c         (5/2-,7/2,9/2-)  0
                                          6      0.196  1.458E-02  1.693E-02  1.609E-01
                                          4      0.315  9.723E-03  1.002E-02  3.034E-02
                                          1      1.442  9.723E-01  9.731E-01  7.993E-04
 10   1.504880   7.5 -1   6.00E-10  1 u                 (15/2-)  0
                                          5      0.325  9.711E-01  1.000E+00  2.980E-02
 11   1.554890   9.5 -1   5.11E-07  1 u                 (19/2-)  1 =    100.0000 %IT    
                                         10      0.050  4.608E-02  1.000E+00  2.070E+01
 12   1.653970   2.5 -1             4 u                  (5/2-)  0
                                          6      0.408  1.836E-02  1.863E-02  1.484E-02
                                          4      0.527  4.266E-01  4.300E-01  8.127E-03
                                          3      0.571  1.134E-02  1.140E-02  5.508E-03
                                          1      1.654  5.399E-01  5.399E-01  0.000E+00
 13   1.702340   3.5 -1             3 c        (7/2-,9/2,11/2-)  0
                                          6      0.456  2.937E-01  2.972E-01  1.186E-02
                                          5      0.522  2.812E-01  2.831E-01  7.021E-03
                                          1      1.702  4.196E-01  4.196E-01  0.000E+00
 14   1.837190  -1.0  0             2               (3/2-,5/2-)  0
                                          3      0.754  3.568E-02  3.568E-02  0.000E+00
                                          1      1.837  9.643E-01  9.643E-01  0.000E+00
 15   2.016130   8.5 -1             2 u                 (17/2-)  0
                                         11      0.461  0.000E+00  0.000E+00  1.154E-02
                                         10      0.512  0.000E+00  0.000E+00  8.711E-03
 16   2.017880  -1.0  0             3           (3/2-,5/2,7/2-)  0
                                          4      0.892  1.863E-01  1.863E-01  0.000E+00
                                          2      1.359  3.235E-01  3.235E-01  0.000E+00
                                          1      2.018  4.902E-01  4.902E-01  0.000E+00
 17   2.108900   6.5  1             1 u                 (13/2+)  0
                                          5      0.929  0.000E+00  0.000E+00  6.866E-04
 18   2.193800  -1.0  0             2               (3/2-:9/2-)  0
                                          4      1.067  9.174E-01  9.174E-01  0.000E+00
                                          1      2.194  8.257E-02  8.257E-02  0.000E+00
 19   2.208170   9.5 -1             1 u                 (19/2-)  0
                                         11      0.653  9.952E-01  1.000E+00  4.844E-03
 20   2.339070  -1.0  0             1               (3/2-:9/2-)  0
                                          4      1.212  1.000E+00  1.000E+00  0.000E+00
 21   2.370560  -1.0  0             5               (7/2-,9/2-)  0
                                         12      0.717  7.667E-02  7.667E-02  0.000E+00
                                          7      0.990  2.500E-01  2.500E-01  0.000E+00
                                          6      1.125  1.800E-01  1.800E-01  0.000E+00
                                          5      1.191  1.600E-01  1.600E-01  0.000E+00
                                          1      2.371  3.333E-01  3.333E-01  0.000E+00
 22   2.376600  -1.0  0             1           (3/2-,5/2,7/2-)  0
                                          2      1.718  1.000E+00  1.000E+00  0.000E+00
 23   2.448760  -1.0  0             1                (7/2-,9/2)  0
                                          5      1.269  1.000E+00  1.000E+00  0.000E+00
 24   2.569430  -1.0  0             1             (5/2,7/2,9/2)  0
                                          1      2.569  1.000E+00  1.000E+00  0.000E+00
 25   2.602260  -1.0  0             1                (1/2:7/2-)  0
                                          2      1.944  1.000E+00  1.000E+00  0.000E+00
 26   2.639890  10.5 -1             1 u                 (21/2-)  0
                                         11      1.085  9.985E-01  1.000E+00  1.499E-03
 27   3.122050  -1.0  0             3          (7/2-,9/2,11/2-)  0
                                          7      1.742  1.099E-01  1.099E-01  0.000E+00
                                          5      1.942  5.495E-01  5.495E-01  0.000E+00
                                          1      3.122  3.407E-01  3.407E-01  0.000E+00
 28   3.150030  -1.0  0             1                            0
                                         11      1.595  1.000E+00  1.000E+00  0.000E+00
 29   3.164240  -1.0  0             1                            0
                                         11      1.609  1.000E+00  1.000E+00  0.000E+00
 30   3.233310  12.5  1   4.00E-09  3 u                 (25/2+)  0
                                         26      0.593  5.920E-02  6.028E-02  1.826E-02
                                         19      1.026  0.000E+00  0.000E+00  2.700E-03
                                         11      1.678  9.397E-01  9.397E-01  0.000E+00
 31   3.312600  -1.0  0             1                            0
                                         11      1.758  1.000E+00  1.000E+00  0.000E+00
 32   3.470600  10.5  1             3 u                 (21/2+)  0
                                         26      0.831  2.113E-01  2.115E-01  8.565E-04
                                         19      1.262  2.731E-01  2.732E-01  3.887E-04
                                         11      1.916  5.153E-01  5.153E-01  0.000E+00
 33   3.774750  -1.0  0             1                            0
                                         11      2.220  1.000E+00  1.000E+00  0.000E+00
 34   4.023010   9.5 -1             4 u                 (19/2-)  0
                                         31      0.710  0.000E+00  0.000E+00  0.000E+00
                                         15      2.007  2.109E-01  2.109E-01  0.000E+00
                                         11      2.468  6.803E-01  6.803E-01  0.000E+00
                                         10      2.518  1.088E-01  1.088E-01  0.000E+00
 35   4.061600  -1.0  0             1         (21/2,23/2,25/2+)  0
                                         32      0.591  0.000E+00  0.000E+00  0.000E+00
 36   4.342110  -1.0  0             1         (25/2,27/2,29/2+)  0
                                         30      1.109  1.000E+00  1.000E+00  0.000E+00
 37   4.393190  10.5 -1             4 u                 (21/2-)  0
                                         34      0.370  4.255E-01  4.340E-01  2.004E-02
                                         32      0.923  1.064E-01  1.064E-01  6.959E-04
                                         19      2.185  2.042E-01  2.042E-01  0.000E+00
                                         11      2.838  2.553E-01  2.553E-01  0.000E+00
 38   4.590730  13.5  1             2 u                 (27/2+)  0
                                         36      0.249  4.758E-02  4.758E-02  0.000E+00
                                         30      1.357  9.516E-01  9.524E-01  9.116E-04
 39   4.798630  11.5 -1             3 u                 (23/2-)  0
                                         37      0.405  6.774E-01  6.882E-01  1.591E-02
                                         34      0.776  6.774E-02  6.791E-02  2.527E-03
                                         32      1.328  2.439E-01  2.439E-01  3.556E-04
 40   5.080000   4.5  1             0 u                  (9/2+)  0
 41   5.170340  12.5 -1             4 u                 (25/2-)  0
                                         39      0.372  6.057E-01  6.177E-01  1.984E-02
                                         37      0.777  2.847E-01  2.854E-01  2.515E-03
                                         36      0.829  0.000E+00  0.000E+00  0.000E+00
                                         30      1.937  9.691E-02  9.691E-02  0.000E+00
 42   5.470000   4.5  1             0 u                  (9/2+)  0
 43   5.524940  13.5 -1             3 u                 (27/2-)  0
                                         41      0.355  4.286E-01  4.382E-01  2.238E-02
                                         39      0.726  1.329E-01  1.333E-01  2.966E-03
                                         30      2.292  4.286E-01  4.286E-01  0.000E+00
 44   5.641330  15.5 -1             2 u                 (31/2-)  0
                                         38      1.051  8.673E-02  8.707E-02  3.880E-03
                                         30      2.408  9.129E-01  9.129E-01  0.000E+00
 45   5.650000   3.5  1             0 u                  (7/2+)  0
 46   5.790150  14.5 -1             2 u                 (29/2-)  0
                                         43      0.265  8.834E-01  9.255E-01  4.759E-02
                                         41      0.620  7.421E-02  7.454E-02  4.429E-03
 47   6.010000   3.5  1             0 u                  (7/2+)  0
 48   6.080000   3.5  1             0 u                  (7/2+)  0
 49   6.109390  15.5 -1             3 u                 (31/2-)  0
                                         46      0.319  8.054E-01  8.290E-01  2.936E-02
                                         44      0.468  1.691E-01  1.710E-01  1.114E-02
                                         43      0.584  0.000E+00  0.000E+00  5.168E-03
 50   6.151560  -1.0  0             2        (27/2-,29/2,31/2+)  0
                                         44      0.512  0.000E+00  0.000E+00  0.000E+00
                                         38      1.561  1.000E+00  1.000E+00  0.000E+00
 51   6.170000   2.5  1             0 u                  (5/2+)  0
 52   6.240000   3.5  1             0 u                  (7/2+)  0
 53   6.382640  -1.0  0             1              (31/2:35/2-)  0
                                         44      0.741  1.000E+00  1.000E+00  0.000E+00
 54   6.454741  16.5 -1             2 u                 (33/2-)  0
                                         49      0.345  0.000E+00  0.000E+00  2.396E-02
                                         46      0.665  0.000E+00  0.000E+00  3.703E-03
 55   6.669200  17.5 -1             1 u                 (35/2-)  0
                                         49      0.560  0.000E+00  0.000E+00  5.801E-03
------------------------------------------------------------------------------------------

Description
  NL    : serial number of the level
  EL    : level energy in (MeV)
  S/P   : spin/parity
  T1/2  : half-life of the level
  Ng    : number of gamma rays de-exciting the level
  s     : method of selection of spin and parity
  unc   : uncertainty of the level energy
  s-info: original spin-parity information from ENSDF file
  nd    : number of decay modes for the level
  m     : modifier of percentage
  p     : percentage of the decay mode
  mode  : decay modes in ENSDF notation

  Nf    : serial number of the final state
  Eg    : gamma-ray energy [MeV]
  Pg    : gamma-ray emission probability
  Pe    : electromagnetic transition probability 
  ICC   : internal conversion coefficient