M0: 133920535.7, M1: 133911394.0, M2: 132910969.0, Sn: 7.675
abv: 1.0
k-shell BE: 31.8138
Number of charge states: 1
CHARGE	WEIGHT
3		1.00
Number of beta branches: 4
EXCITATION	INTENSITY
0.0			97.6	1
2.464		0.21	6
2.631		2.03	8
2.934		0.27	11
Number of neutron states: 3
ENERGY INTENSITY
0.1	0.5
0.2	0.4
0.3	0.1
MOMENTUM	Fermi
0.0	120.0000
0.1	60.1244
0.2	30.3869
0.3	20.6043
0.4	15.8151
0.5	13.0284
0.6	11.2420
0.7	10.0257
0.8	9.1530
0.9	8.5052
1.0	8.0083
1.2	7.3019
1.4	6.8269
1.6	6.4856
1.8	6.2291
2.0	6.0322
2.2	5.8688
2.4	5.7322
2.6	5.6155
2.8	5.5139
3.0	5.4243
3.2	5.3440
3.4	5.2715
3.6	5.2054
3.8	5.1445
4.0	5.0882
4.5	4.9631
5.0	4.8552
5.5	4.7603
6.0	4.6751
6.5	4.5977
7.0	4.5268
7.5	4.4611
8.0	4.3999
9.0	4.2883
10.0	4.1884
11.0	4.0978
12.0	4.0145
13.0	3.9374
14.0	3.8655
16.0	3.7344
18.0	3.6171
20.0	3.5107
25.0	3.2805
30.0	3.0879
35.0	2.9225
40.0	2.7781
45.0	2.6505
50.0	2.5368

