M0: 136918028, M1: 136911557.78, M2: 135907214.484, Sn: 4.02556
abv: -0.333
k-shell BE: 34.5644
Number of charge states: 3
CHARGE		WEIGHT
2		0.77
3		0.18
4		0.05
Number of beta branches: 118
EXCITATION INTENSITY
0		45.25	1
601.05		0.4	2
986.2		0.05	3
1218		8.9	4
1220.07		0.9	5
1302.73		1.9	6
1512.16		1.1	8
1534.32		2.3	9
1668.13		0.5	11
1715.55		0.52	12
1752.56		0.11	13
1766.17		0.86	14
1796.08		1	15
1808.75		0.45	16
1820.56		0.23	17
1841.49		0.08	18
1849.69		0.49	19
1873.13		1.33	20
1879.26		0.49	21
1898.34		0.08	22
1926.44		0.15	23
1936.05		0.75	25
1991.18		0.94	26
1997.06		1.08	27
2010.8		0.15	28
2013.05		0.12	29
2029.86		1.9	30
2087.97		0.26	31
2089.67		0.22	32
2099.97		0.86	33
2113.99		0.11	34
2144.32		0.19	35
2147		0.27	36
2155.11		0.44	37
2191.19		0.38	38
2196.15		0.34	39
2229.97		0.1	41
2237.76		0.04	42
2244.09		2.28	43
2281.59		0.12	44
2345.65		0.35	45
2356.28		0.42	46
2368.32		0.29	47
2380.3		0.09	48
2422.7		0.21	49
2444.01		0.24	50
2474.84		0.19	52
2566.93		0.09	54
2571.09		0.14	55
2629.7		0.28	57
2671.59		0.34	58
2676.3		0.27	59
2726.14		0.1	60
2829.84		0.08	61
2844.5		0.22	62
2909.8		0.07	63
2922.63		0.09	64
2960.34		0.01	65
2983.54		0.073	67
2993.91		0.07	68
3022.91		0.56	69
3117.61		0.14	72
3253.97		0.12	74
3263.1		0.11	75
3276.72		0.47	76
3287.62		0.07	77
3353.04		0.14	80
3417.07		0.04	81
3458.62		0.35	82
3500.65		0.08	83
3540.61		0.06	84
3544.2		0.05	85
3570.13		0.57	86
3571.69		0.16	87
3670.59		0.059	88
3729.66		0.47	89
3795.43		1.79	90
3800.68		0.14	91
3862.47		0.41	92
3866.23		0.3	93
3911.27		0.53	94
3986.92		1.23	95
3996.28		1.19	96
4016.18		0.021	97
4025.73		0.63	98
4028.92		0.48	99
4038.96		0.05	100
4064.6		0.008	101
4083.87		0.083	102
4103.3		0.019	103
4105.0		0.031	104
4129.99		0.064	105
4140.98		0.069	106
4160.94		0.32	108
4173.11		0.063	109
4189.01		0.018	111
4211.6		0.033	113
4260.4		0.009	114
4270.3		0.014	115
4276.53		0.3	116
4288.1		0.007	118
4318.2		0.012	120
4332.78		0.114	121
4402.78		0.22	128
4424.7		0.008	130
4477.8		0.019	132
4501.9		0.0059	134
4543.3		0.0074	137
4559.9		0.014	139
4680.6		0.0049	143
4685.8		0.003	144
4758		0.01	148
4784.7		0.01	150
4802.5		0.0034	152
4899		0.005	156
5132.2		0.0021	164
5148.8		0.0033	165
5170.2		0.0058	167
Number of neutron states: 39
ENERGY INTENSITY
0.05		1.0
0.10		1.0
0.15		1.0
0.20		1.0
0.25		1.0
0.30		1.0
0.35		1.0
0.40		1.0
0.45		1.0
0.50		1.0
0.55		1.0
0.60		1.0
0.65		1.0
0.70		1.0
0.75		1.0
0.80		1.0
0.85		1.0
0.90		1.0
0.95		1.0
1.00		1.0
1.05		1.0
1.10		1.0
1.15		1.0
1.20		1.0
1.25		1.0
1.30		1.0
1.35		1.0
1.40		1.0
1.45		1.0
1.50		1.0
1.55		1.0
1.60		1.0
1.65		1.0
1.70		1.0
1.75		1.0
1.80		1.0
1.85		1.0
1.90		1.0
1.95		1.0
MOMENTUM	Fermi
0.0	120.0000
0.1	66.6923
0.2	33.7025
0.3	22.8490
0.4	17.5307
0.5	14.4302
0.6	12.4368
0.7	11.0752
0.8	10.0970
0.9	9.3699
1.0	8.8107
1.2	8.0146
1.4	7.4780
1.6	7.0909
1.8	6.7994
2.0	6.5686
2.2	6.3817
2.4	6.2278
2.6	6.0945
2.8	5.9785
3.0	5.8758
3.2	5.7838
3.4	5.7005
3.6	5.6247
3.8	5.5547
4.0	5.4899
4.5	5.3460
5.0	5.2219
5.5	5.1125
6.0	5.0145
6.5	4.9255
7.0	4.8439
7.5	4.7684
8.0	4.6980
9.0	4.5700
10.0	4.4556
11.0	4.3519
12.0	4.2568
13.0	4.1689
14.0	4.0871
16.0	3.9383
18.0	3.8055
20.0	3.6855
25.0	3.4271
30.0	3.2125
35.0	3.0293
40.0	2.8704
45.0	2.7306
50.0	2.6068