137Xe
  number of levels:                               173
  number of gamma-rays:                           228
  number of levels in a complete level scheme:    60
  number of levels with assigned spin and parity: 2
  neutron separation energy:                      4.025530 [MeV]
  proton separation energy:                       10.170000 [MeV]

------------------------------------------------------------------------------------------
 NL   EL[MeV]    S/P  F    T1/2[s] Ng s unc             s-info  nd m       p      mode
                                         Nf    Eg[MeV]     Pg        Pe         Icc
------------------------------------------------------------------------------------------
  1   0.000000   3.5 -1   2.29E+02  0 u                    7/2-  1 =    100.0000 %B-    
  2   0.601050   1.5 -1   2.50E-10  1 u                    3/2-  0
                                          1      0.601  9.947E-01  1.000E+00  5.301E-03
  3   0.986200   0.5 -1             1 u                  (1/2)-  0
                                          2      0.385  9.789E-01  1.000E+00  2.159E-02
  4   1.218000   4.5 -1             1 u                    9/2-  0
                                          1      1.218  9.987E-01  1.000E+00  1.350E-03
  5   1.220070   5.5 -1             1 u                   11/2-  0
                                          1      1.220  9.990E-01  1.000E+00  1.035E-03
  6   1.302730   2.5 -1             3 u                    5/2-  0
                                          3      0.316  1.782E-02  1.845E-02  3.547E-02
                                          2      0.702  8.910E-02  8.953E-02  4.803E-03
                                          1      1.303  8.910E-01  8.920E-01  1.162E-03
  7   1.461280   0.5 -1             1 c               (1/2,3/2)  0
                                          2      0.860  9.970E-01  1.000E+00  2.978E-03
  8   1.512160   2.5 -1             1 g                          0
                                          1      1.512  9.993E-01  1.000E+00  7.462E-04
  9   1.534320   2.5 -1             1 u                  (5/2)-  0
                                          1      1.534  9.993E-01  1.000E+00  7.229E-04
 10   1.621100   7.5 -1             1 u                   15/2-  0
                                          5      0.400  9.832E-01  1.000E+00  1.711E-02
 11   1.668130   1.5  1             2 c               (1/2,3/2)  0
                                          3      0.682  4.008E-01  4.014E-01  1.435E-03
                                          2      1.067  5.982E-01  5.986E-01  5.894E-04
 12   1.715550   1.5 -1             3 c           3/2-,5/2,7/2-  0
                                          6      0.413  1.408E-01  1.433E-01  1.809E-02
                                          2      1.114  2.698E-01  2.702E-01  1.648E-03
                                          1      1.716  5.865E-01  5.865E-01  0.000E+00
 13   1.752560   4.5 -1             1 g                          0
                                          5      0.532  9.907E-01  1.000E+00  9.364E-03
 14   1.766170   1.5 -1             3 c           3/2-,5/2,7/2-  0
                                          6      0.464  1.559E-01  1.580E-01  1.352E-02
                                          2      1.165  6.236E-02  6.246E-02  1.491E-03
                                          1      1.766  7.795E-01  7.795E-01  0.000E+00
 15   1.796080   5.5 -1             3 g                          0
                                          8      0.284  6.488E-02  1.198E-01  8.467E-01
                                          5      0.576  4.991E-01  5.030E-01  7.730E-03
                                          4      0.578  3.743E-01  3.772E-01  7.658E-03
 16   1.808750   3.5  1             1 g                          0
                                          1      1.809  1.000E+00  1.000E+00  0.000E+00
 17   1.820560   2.5 -1             1 g                          0
                                          1      1.821  1.000E+00  1.000E+00  0.000E+00
 18   1.841490   1.5 -1             2 u                  (3/2-)  0
                                          6      0.539  7.639E-01  7.708E-01  9.092E-03
                                          1      1.841  2.292E-01  2.292E-01  0.000E+00
 19   1.849690   3.5 -1             3 c           3/2-,5/2,7/2-  0
                                          6      0.547  2.520E-01  2.542E-01  8.760E-03
                                          2      1.249  5.362E-01  5.367E-01  9.871E-04
                                          1      1.849  2.091E-01  2.091E-01  0.000E+00
 20   1.873130   3.5 -1             3 g                          0
                                          6      0.571  1.278E-01  1.288E-01  7.913E-03
                                          4      0.655  7.190E-02  7.230E-02  5.659E-03
                                          1      1.873  7.989E-01  7.989E-01  0.000E+00
 21   1.879260   3.5  1             2 g                          0
                                          5      0.659  8.026E-01  8.154E-01  1.599E-02
                                          1      1.879  1.846E-01  1.846E-01  0.000E+00
 22   1.898300   3.5  1             1 g                          0
                                          1      1.898  1.000E+00  1.000E+00  0.000E+00
 23   1.926400   5.5 -1             1 g                          0
                                          1      1.926  1.000E+00  1.000E+00  0.000E+00
 24   1.935200   9.5 -1   1.01E-08  1 u                   19/2-  0
                                         10      0.314  9.650E-01  1.000E+00  3.626E-02
 25   1.936050   1.5 -1             5 u                  (3/2-)  0
                                         11      0.268  1.757E-01  1.782E-01  1.399E-02
                                          6      0.633  1.347E-01  1.356E-01  6.140E-03
                                          3      0.950  2.929E-01  2.936E-01  2.368E-03
                                          2      1.335  2.079E-01  2.082E-01  1.100E-03
                                          1      1.936  1.845E-01  1.845E-01  0.000E+00
 26   1.991180   3.5  1             2 g                          0
                                          4      0.773  7.993E-01  8.002E-01  1.104E-03
                                          1      1.991  1.998E-01  1.998E-01  0.000E+00
 27   1.997060   3.5  1             2 g                          0
                                          6      0.695  1.453E-01  1.455E-01  1.381E-03
                                          1      1.997  8.545E-01  8.545E-01  0.000E+00
 28   2.010800   2.5 -1             1 g                          0
                                          2      1.410  9.990E-01  1.000E+00  9.762E-04
 29   2.013100   1.5 -1             1 g                          0
                                          1      2.013  1.000E+00  1.000E+00  0.000E+00
 30   2.029800   4.5  1             3 g                          0
                                          6      0.727  3.417E-02  3.459E-02  1.216E-02
                                          4      0.812  1.111E-01  1.112E-01  1.000E-03
                                          1      2.030  8.543E-01  8.543E-01  0.000E+00
 31   2.088000   3.5  1             2 g                          0
                                          5      0.868  4.605E-01  4.640E-01  7.521E-03
                                          4      0.870  5.355E-01  5.360E-01  8.714E-04
 32   2.089670   2.5  1             2 g                          0
                                          3      1.104  2.750E-01  2.761E-01  4.015E-03
                                          2      1.489  7.237E-01  7.239E-01  3.269E-04
 33   2.099970   4.5  1             3 g                          0
                                          9      0.566  1.278E-01  1.309E-01  2.476E-02
                                          4      0.882  3.577E-01  3.580E-01  8.478E-04
                                          1      2.100  5.110E-01  5.110E-01  0.000E+00
 34   2.114000   2.5  1             1 g                          0
                                          1      2.114  1.000E+00  1.000E+00  0.000E+00
 35   2.144320   2.5 -1             2 g                          0
                                          3      1.158  4.732E-01  4.738E-01  1.153E-03
                                          2      1.543  5.258E-01  5.262E-01  7.137E-04
 36   2.147000   5.5 -1             2 g                          0
                                          5      0.927  6.279E-01  6.295E-01  2.506E-03
                                          1      2.147  3.705E-01  3.705E-01  0.000E+00
 37   2.155110   2.5 -1             3 g                          0
                                          6      0.852  1.142E-01  1.145E-01  3.042E-03
                                          4      0.937  4.091E-01  4.098E-01  1.820E-03
                                          2      1.554  4.757E-01  4.757E-01  0.000E+00
 38   2.191190   2.5  1             3 g                          0
                                          6      0.888  2.642E-01  2.644E-01  8.361E-04
                                          4      0.973  3.145E-01  3.163E-01  5.549E-03
                                          1      2.191  4.193E-01  4.193E-01  0.000E+00
 39   2.196150   0.5 -1             1 c              (1/2-,3/2)  0
                                          6      0.893  9.980E-01  1.000E+00  2.024E-03
 40   2.204000   9.5 -1             2 u                 (19/2-)  0
                                         33      0.101  0.000E+00  0.000E+00  0.000E+00
                                         24      0.270  9.484E-01  1.000E+00  5.439E-02
 41   2.229970   2.5 -1             1 g                          0
                                          1      2.230  1.000E+00  1.000E+00  0.000E+00
 42   2.237760   5.5  1             2 g                          0
                                          8      0.726  6.814E-01  6.866E-01  7.605E-03
                                          1      2.238  3.134E-01  3.134E-01  0.000E+00
 43   2.244090   5.5 -1             6 g                          0
                                         26      0.253  5.848E-02  7.691E-02  3.151E-01
                                         19      0.395  1.922E-01  1.956E-01  1.785E-02
                                         16      0.435  1.420E-01  1.499E-01  5.570E-02
                                         14      0.478  1.615E-01  1.751E-01  8.386E-02
                                          9      0.710  1.170E-01  1.205E-01  3.031E-02
                                          6      0.941  2.785E-01  2.820E-01  1.254E-02
 44   2.281590   3.5 -1             1 g                          0
                                          2      1.681  1.000E+00  1.000E+00  0.000E+00
 45   2.345650   5.5  1             3 g                          0
                                          8      0.834  1.164E-01  1.170E-01  5.164E-03
                                          4      1.128  4.850E-01  4.853E-01  5.320E-04
                                          1      2.346  3.977E-01  3.977E-01  0.000E+00
 46   2.356280   2.5  1             2 g                          0
                                          2      1.755  5.495E-01  5.495E-01  0.000E+00
                                          1      2.356  4.505E-01  4.505E-01  0.000E+00
 47   2.368320   3.5 -1             2 g                          0
                                          4      1.150  7.135E-01  7.146E-01  1.534E-03
                                          1      2.368  2.854E-01  2.854E-01  0.000E+00
 48   2.380300   5.5 -1             1 g                          0
                                          1      2.380  1.000E+00  1.000E+00  0.000E+00
 49   2.422700   5.5  1             1 g                          0
                                          1      2.423  1.000E+00  1.000E+00  0.000E+00
 50   2.444000   4.5  1             1 g                          0
                                          5      1.224  9.995E-01  1.000E+00  4.585E-04
 51   2.452400   0.5  1             1 c                 1/2,3/2  0
                                          3      1.466  9.997E-01  1.000E+00  3.354E-04
 52   2.474840   3.5  1             2 g                          0
                                          4      1.257  4.736E-01  4.738E-01  4.374E-04
                                          1      2.475  5.262E-01  5.262E-01  0.000E+00
 53   2.490380   1.5 -1             4 u                  (3/2-)  0
                                          6      1.188  2.171E-01  2.174E-01  1.428E-03
                                          3      1.504  3.743E-01  3.746E-01  7.548E-04
                                          2      1.889  9.358E-02  9.358E-02  0.000E+00
                                          1      2.490  3.144E-01  3.144E-01  0.000E+00
 54   2.566900   1.5  1             1 g                          0
                                          1      2.567  1.000E+00  1.000E+00  0.000E+00
 55   2.571090   3.5 -1             1 g                          0
                                          5      1.351  9.992E-01  1.000E+00  8.413E-04
 56   2.608800   3.5  1             2 g                          0
                                         12      0.893  9.034E-01  9.097E-01  6.962E-03
                                          2      2.008  9.034E-02  9.034E-02  0.000E+00
 57   2.629700   7.5  1             2 g                          0
                                         13      0.877  8.254E-02  8.291E-02  4.519E-03
                                          1      2.630  9.171E-01  9.171E-01  0.000E+00
 58   2.671590   1.5  1             1 g                          0
                                          1      2.672  1.000E+00  1.000E+00  0.000E+00
 59   2.676300   4.5  1             2 g                          0
                                          5      1.456  7.750E-01  7.753E-01  3.392E-04
                                          1      2.675  2.247E-01  2.247E-01  0.000E+00
 60   2.726140   3.5  1             1 g                          0
                                          1      2.726  1.000E+00  1.000E+00  0.000E+00
 61   2.829800  -1.0  0             1                            0
                                          1      2.830  1.000E+00  1.000E+00  0.000E+00
 62   2.844500  -1.0  0             1                            0
                                          2      2.243  1.000E+00  1.000E+00  0.000E+00
 63   2.909800  -1.0  0             1                            0
                                          1      2.910  1.000E+00  1.000E+00  0.000E+00
 64   2.922600  -1.0  0             1                            0
                                          1      2.923  1.000E+00  1.000E+00  0.000E+00
 65   2.960300  -1.0  0             1                            0
                                          1      2.960  1.000E+00  1.000E+00  0.000E+00
 66   2.980000  11.5 -1             1 u                 (23/2-)  0
                                         24      1.046  9.986E-01  1.000E+00  1.433E-03
 67   2.983500  -1.0  0             1                            0
                                          1      2.984  1.000E+00  1.000E+00  0.000E+00
 68   2.993900  -1.0  0             1                            0
                                          5      1.774  1.000E+00  1.000E+00  0.000E+00
 69   3.022900  -1.0  0             3                            0
                                          6      1.720  3.600E-01  3.600E-01  0.000E+00
                                          4      1.805  5.714E-01  5.714E-01  0.000E+00
                                          1      3.023  6.857E-02  6.857E-02  0.000E+00
 70   3.062100  11.5 -1             2 u                 (23/2-)  0
                                         40      0.858  7.129E-01  7.145E-01  2.219E-03
                                         24      1.128  2.852E-01  2.855E-01  1.219E-03
 71   3.111900  -1.0  0             1                            0
                                         40      0.907  1.000E+00  1.000E+00  0.000E+00
 72   3.117600  -1.0  0             1                            0
                                          1      3.118  1.000E+00  1.000E+00  0.000E+00
 73   3.251800  -1.0  0             2                            0
                                         71      0.140  5.000E-01  5.000E-01  0.000E+00
                                         70      0.190  5.000E-01  5.000E-01  0.000E+00
 74   3.254000  -1.0  0             1                            0
                                          4      2.036  1.000E+00  1.000E+00  0.000E+00
 75   3.263100  -1.0  0             1                            0
                                         14      1.497  1.000E+00  1.000E+00  0.000E+00
 76   3.276720  -1.0  0             3                            0
                                          6      1.974  3.191E-01  3.191E-01  0.000E+00
                                          4      2.058  5.319E-01  5.319E-01  0.000E+00
                                          1      3.278  1.489E-01  1.489E-01  0.000E+00
 77   3.287600  -1.0  0             1                            0
                                          4      2.070  1.000E+00  1.000E+00  0.000E+00
 78   3.291600  13.5 -1             2 u                 (27/2-)  0
                                         70      0.229  7.354E-02  8.101E-02  1.015E-01
                                         66      0.312  8.860E-01  9.190E-01  3.719E-02
 79   3.347400  -1.0  0             1                            0
                                         66      0.368  1.000E+00  1.000E+00  0.000E+00
 80   3.353000  -1.0  0             1                            0
                                          1      3.353  1.000E+00  1.000E+00  0.000E+00
 81   3.417100  -1.0  0             1                            0
                                          1      3.417  1.000E+00  1.000E+00  0.000E+00
 82   3.458620  -1.0  0             2                            0
                                         62      0.614  1.150E-01  1.150E-01  0.000E+00
                                          1      3.459  8.850E-01  8.850E-01  0.000E+00
 83   3.500700  -1.0  0             2                            0
                                          2      2.900  8.547E-01  8.547E-01  0.000E+00
                                          1      3.501  1.453E-01  1.453E-01  0.000E+00
 84   3.540600  -1.0  0             1                            0
                                          5      2.321  1.000E+00  1.000E+00  0.000E+00
 85   3.544000  -1.0  0             1                            0
                                          2      2.943  1.000E+00  1.000E+00  0.000E+00
 86   3.570130  -1.0  0             1                            0
                                          1      3.570  1.000E+00  1.000E+00  0.000E+00
 87   3.571690  -1.0  0             1                            0
                                          5      2.352  1.000E+00  1.000E+00  0.000E+00
 88   3.670600  -1.0  0             1                            0
                                          1      3.671  1.000E+00  1.000E+00  0.000E+00
 89   3.729660  -1.0  0             2                            0
                                         57      1.100  1.071E-01  1.071E-01  0.000E+00
                                          1      3.729  8.929E-01  8.929E-01  0.000E+00
 90   3.795430  -1.0  0             4                            0
                                         25      1.859  5.687E-02  5.687E-02  0.000E+00
                                         20      1.922  5.213E-02  5.213E-02  0.000E+00
                                          2      3.194  4.171E-01  4.171E-01  0.000E+00
                                          1      3.796  4.739E-01  4.739E-01  0.000E+00
 91   3.800700  -1.0  0             1                            0
                                          1      3.801  1.000E+00  1.000E+00  0.000E+00
 92   3.862500  -1.0  0             3                            0
                                         30      1.832  2.439E-01  2.439E-01  0.000E+00
                                          2      3.262  1.463E-01  1.463E-01  0.000E+00
                                          1      3.863  6.098E-01  6.098E-01  0.000E+00
 93   3.866200  -1.0  0             2                            0
                                         57      1.237  2.308E-01  2.308E-01  0.000E+00
                                          1      3.866  7.692E-01  7.692E-01  0.000E+00
 94   3.911270  -1.0  0             2                            0
                                         65      0.951  1.525E-01  1.525E-01  0.000E+00
                                          1      3.911  8.475E-01  8.475E-01  0.000E+00
 95   3.986900  -1.0  0             5                            0
                                         57      1.357  1.465E-01  1.465E-01  0.000E+00
                                         14      2.220  1.869E-01  1.869E-01  0.000E+00
                                          9      2.453  2.096E-01  2.096E-01  0.000E+00
                                          5      2.767  2.525E-01  2.525E-01  0.000E+00
                                          1      3.987  2.045E-01  2.045E-01  0.000E+00
 96   3.996300  -1.0  0             6                            0
                                         57      1.367  1.111E-01  1.111E-01  0.000E+00
                                         27      1.995  8.230E-02  8.230E-02  0.000E+00
                                         26      2.005  5.761E-02  5.761E-02  0.000E+00
                                         20      2.123  2.346E-01  2.346E-01  0.000E+00
                                          6      2.694  1.029E-01  1.029E-01  0.000E+00
                                          1      3.996  4.115E-01  4.115E-01  0.000E+00
 97   4.016200  -1.0  0             1                            0
                                          1      4.016  1.000E+00  1.000E+00  0.000E+00
 98   4.025730  -1.0  0             4                            0
                                         57      1.396  2.387E-01  2.387E-01  0.000E+00
                                         42      1.788  1.903E-01  1.903E-01  0.000E+00
                                          9      2.491  2.689E-01  2.689E-01  0.000E+00
                                          4      2.808  3.021E-01  3.021E-01  0.000E+00
 99   4.028920  -1.0  0             3                            0
                                         25      2.093  5.988E-01  5.988E-01  0.000E+00
                                         20      2.156  4.012E-01  4.012E-01  0.000E+00
                                          1      4.029  0.000E+00  0.000E+00  0.000E+00
100   4.038960  -1.0  0             1                            0
                                          1      4.039  1.000E+00  1.000E+00  0.000E+00
101   4.064600  -1.0  0             1                            0
                                          1      4.065  1.000E+00  1.000E+00  0.000E+00
102   4.083870  -1.0  0             1                            0
                                          1      4.084  1.000E+00  1.000E+00  0.000E+00
103   4.103300  -1.0  0             1                            0
                                          1      4.103  1.000E+00  1.000E+00  0.000E+00
104   4.105000  -1.0  0             1                            0
                                          1      4.105  1.000E+00  1.000E+00  0.000E+00
105   4.129991  -1.0  0             1                            0
                                          1      4.130  1.000E+00  1.000E+00  0.000E+00
106   4.140980  -1.0  0             1                            0
                                          1      4.141  1.000E+00  1.000E+00  0.000E+00
107   4.153000  -1.0  0             0                            0
108   4.160940  -1.0  0             2                            0
                                          4      2.943  1.525E-01  1.525E-01  0.000E+00
                                          1      4.161  8.475E-01  8.475E-01  0.000E+00
109   4.173110  -1.0  0             1                            0
                                          1      4.173  1.000E+00  1.000E+00  0.000E+00
110   4.180800  -1.0  0             0                            0
111   4.189000  -1.0  0             1                            0
                                          1      4.189  1.000E+00  1.000E+00  0.000E+00
112   4.199100  -1.0  0             1                            0
                                          1      4.199  1.000E+00  1.000E+00  0.000E+00
113   4.211600  -1.0  0             1                            0
                                          1      4.212  1.000E+00  1.000E+00  0.000E+00
114   4.260400  -1.0  0             1                            0
                                          1      4.260  1.000E+00  1.000E+00  0.000E+00
115   4.270300  -1.0  0             1                            0
                                          1      4.270  1.000E+00  1.000E+00  0.000E+00
116   4.276530  -1.0  0             2                            0
                                          9      2.742  1.597E-01  1.597E-01  0.000E+00
                                          1      4.277  8.403E-01  8.403E-01  0.000E+00
117   4.282600  -1.0  0             0                            0
118   4.288100  -1.0  0             1                            0
                                          1      4.288  1.000E+00  1.000E+00  0.000E+00
119   4.298300  -1.0  0             1                            0
                                          1      4.298  1.000E+00  1.000E+00  0.000E+00
120   4.318201  -1.0  0             1                            0
                                          1      4.318  1.000E+00  1.000E+00  0.000E+00
121   4.332780  -1.0  0             1                            0
                                          1      4.333  1.000E+00  1.000E+00  0.000E+00
122   4.346500  -1.0  0             0                            0
123   4.350500  -1.0  0             1                            0
                                          1      4.351  1.000E+00  1.000E+00  0.000E+00
124   4.379700  -1.0  0             1                            0
                                          1      4.380  1.000E+00  1.000E+00  0.000E+00
125   4.380200  -1.0  0             1                            0
                                          1      4.380  1.000E+00  1.000E+00  0.000E+00
126   4.382800  14.5  1             2 u                 (29/2+)  0
                                         79      1.036  2.497E-01  2.497E-01  0.000E+00
                                         78      1.091  7.499E-01  7.503E-01  5.656E-04
127   4.399800  -1.0  1             0                       (+)  0
128   4.402780  -1.0  0             1                            0
                                          1      4.403  1.000E+00  1.000E+00  0.000E+00
129   4.420701  -1.0  0             1                            0
                                          1      4.421  1.000E+00  1.000E+00  0.000E+00
130   4.424700  -1.0  0             1                            0
                                          1      4.425  1.000E+00  1.000E+00  0.000E+00
131   4.443100  -1.0  0             0                            0
132   4.477800  -1.0  0             1                            0
                                          1      4.478  1.000E+00  1.000E+00  0.000E+00
133   4.489400  -1.0  0             1                            0
                                          1      4.489  1.000E+00  1.000E+00  0.000E+00
134   4.501900  -1.0  0             1                            0
                                          1      4.502  1.000E+00  1.000E+00  0.000E+00
135   4.505200  -1.0  0             0                            0
136   4.527200  -1.0  0             0                            0
137   4.543300  -1.0  0             1                            0
                                          1      4.543  1.000E+00  1.000E+00  0.000E+00
138   4.543600  -1.0  0             0                            0
139   4.559900  -1.0  0             1                            0
                                          1      4.560  1.000E+00  1.000E+00  0.000E+00
140   4.584600  -1.0  0             0                            0
141   4.609300  -1.0  0             1                            0
                                          1      4.609  1.000E+00  1.000E+00  0.000E+00
142   4.631100  -1.0  0             0                            0
143   4.680600  -1.0  0             1                            0
                                          1      4.681  1.000E+00  1.000E+00  0.000E+00
144   4.685800  -1.0  0             1                            0
                                          1      4.686  1.000E+00  1.000E+00  0.000E+00
145   4.687600  16.5  1             2 u                 (33/2+)  0
                                        126      0.305  7.281E-01  7.572E-01  3.992E-02
                                         78      1.396  2.425E-01  2.428E-01  1.466E-03
146   4.712700  -1.0  0             0                            0
147   4.750300  -1.0  0             1                            0
                                          1      4.750  1.000E+00  1.000E+00  0.000E+00
148   4.758000  -1.0  0             1                            0
                                          1      4.758  1.000E+00  1.000E+00  0.000E+00
149   4.772600  -1.0  0             0                            0
150   4.784700  -1.0  0             1                            0
                                          1      4.785  1.000E+00  1.000E+00  0.000E+00
151   4.797900  -1.0  1             0                       (+)  0
152   4.802500  -1.0  0             1                            0
                                          1      4.803  1.000E+00  1.000E+00  0.000E+00
153   4.869000  -1.0  0             0                            0
154   4.880500  -1.0  1             1                       (+)  0
                                          1      4.881  1.000E+00  1.000E+00  0.000E+00
155   4.881000  -1.0  0             0                            0
156   4.899000  -1.0  0             1                            0
                                          1      4.899  1.000E+00  1.000E+00  0.000E+00
157   4.905601  -1.0  0             0                            0
158   4.956000  -1.0  0             0                            0
159   4.978500  -1.0  1             0                       (+)  0
160   4.998800  -1.0  0             0                            0
161   5.025100  -1.0  0             0                            0
162   5.080201  -1.0  1             0                       (+)  0
163   5.125000  -1.0  0             0                            0
164   5.132200  -1.0  0             1                            0
                                          1      5.132  1.000E+00  1.000E+00  0.000E+00
165   5.148800  -1.0  0             1                            0
                                          1      5.149  1.000E+00  1.000E+00  0.000E+00
166   5.158200  -1.0  1             0                       (+)  0
167   5.170200  -1.0  0             1                            0
                                          1      5.170  0.000E+00  0.000E+00  0.000E+00
168   5.179700  -1.0  1             0                       (+)  0
169   5.208900  -1.0  1             0                       (+)  0
170   5.230300  -1.0  1             0                       (+)  0
171   5.355000  -1.0  1             0                       (+)  0
172   5.379000  -1.0  1             0                       (+)  0
173   5.408000  -1.0  1             0                       (+)  0
------------------------------------------------------------------------------------------

Description
  NL    : serial number of the level
  EL    : level energy in (MeV)
  S/P   : spin/parity
  T1/2  : half-life of the level
  Ng    : number of gamma rays de-exciting the level
  s     : method of selection of spin and parity
  unc   : uncertainty of the level energy
  s-info: original spin-parity information from ENSDF file
  nd    : number of decay modes for the level
  m     : modifier of percentage
  p     : percentage of the decay mode
  mode  : decay modes in ENSDF notation

  Nf    : serial number of the final state
  Eg    : gamma-ray energy [MeV]
  Pg    : gamma-ray emission probability
  Pe    : electromagnetic transition probability 
  ICC   : internal conversion coefficient